405,699
405,698
405,697
405,696
405,695
405,694
405,693
405,692
405,691
405,690
405,689
405,688
405,687
405,686
405,685
405,684
405,683
405,682
405,681
405,680
405,679
405,678
405,677
405,676
405,675
405,674
405,673
405,672
405,671
405,670
405,669
405,668
405,667
405,666
405,665
405,664
405,663
405,662
405,661
405,660
405,659
405,658
405,657
405,656
405,655
405,654
405,653
405,652
405,651
405,650
405,649
405,648
405,647
405,646
405,645
405,644
405,643
405,642
405,641
405,640
405,639
405,638
405,637
405,636
405,635
405,634
405,633
405,632
405,631
405,630
405,629
405,628
405,627
405,626
405,625
405,624
405,623
405,622
405,621
405,620
405,619
405,618
405,617
405,616
405,615
405,614
405,613
405,612
405,611
405,610
405,609
405,608
405,607
405,606
405,605
405,604
405,603
405,602
405,601
405,600
405,599
405,598
405,597
405,596
405,595
405,594
405,593
405,592
405,591
405,590
405,589
405,588
405,587
405,586
405,585
405,584
405,583
405,582
405,581
405,580
405,579
405,578
405,577
405,576
405,575
405,574
405,573
405,572
405,571
405,570
405,569
405,568
405,567
405,566
405,565
405,564
405,563
405,562
405,561
405,560
405,559
405,558
405,557
405,556
405,555
405,554
405,553
405,552
405,551
405,550
405,549
405,548
405,547
405,546
405,545
405,544
405,543
405,542
405,541
405,540
405,539
405,538
405,537
405,536
405,535
405,534
405,533
405,532
405,531
405,530
405,529
405,528
405,527
405,526
405,525
405,524
405,523
405,522
405,521
405,520
405,519
405,518
405,517
405,516
405,515
405,514
405,513
405,512
405,511
405,510
405,509
405,508
405,507
405,506
405,505
405,504
405,503
405,502
405,501
405,500
405,499
405,498
405,497
405,496
405,495
405,494
405,493
405,492
405,491
405,490
405,489
405,488
405,487
405,486
405,485
405,484
405,483
405,482
405,481
405,480
405,479
405,478
405,477
405,476
405,475
405,474
405,473
405,472
405,471
405,470
405,469
405,468
405,467
405,466
405,465
405,464
405,463
405,462
405,461
405,460
405,459
405,458
405,457
405,456
405,455
405,454
405,453
405,452
405,451
405,450
405,449
405,448
405,447
405,446
405,445
405,444
405,443
405,442
405,441
405,440
405,439
405,438
405,437
405,436
405,435
405,434
405,433
405,432
405,431
405,430
405,429
405,428
405,427
405,426
405,425
405,424
405,423
405,422
405,421
405,420
405,419
405,418
405,417
405,416
405,415
405,414
405,413
405,412
405,411
405,410
405,409
405,408
405,407
405,406
405,405
405,404
405,403
405,402
405,401
405,400
405,399
405,398
405,397
405,396
405,395
405,394
405,393
405,392
405,391
405,390
405,389
405,388
405,387
405,386
405,385
405,384
405,383
405,382
405,381
405,380
405,379
405,378
405,377
405,376
405,375
405,374
405,373
405,372
405,371
405,370
405,369
405,368
405,367
405,366
405,365
405,364
405,363
405,362
405,361
405,360
405,359
405,358
405,357
405,356
405,355
405,354
405,353
405,352
405,351
405,350
405,349
405,348
405,347
405,346
405,345
405,344
405,343
405,342
405,341
405,340
405,339
405,338
405,337
405,336
405,335
405,334
405,333
405,332
405,331
405,330
405,329
405,328
405,327
405,326
405,325
405,324
405,323
405,322
405,321
405,320
405,319
405,318
405,317
405,316
405,315
405,314
405,313
405,312
405,311
405,310
405,309
405,308
405,307
405,306
405,305
405,304
405,303
405,302
405,301
405,300
405,299
405,298
405,297
405,296
405,295
405,294
405,293
405,292
405,291
405,290
405,289
405,288
405,287
405,286
405,285
405,284
405,283
405,282
405,281
405,280
405,279
405,278
405,277
405,276
405,275
405,274
405,273
405,272
405,271
405,270
405,269
405,268
405,267
405,266
405,265
405,264
405,263
405,262
405,261
405,260
405,259
405,258
405,257
405,256
405,255
405,254
405,253
405,252
405,251
405,250
405,249
405,248
405,247
405,246
405,245
405,244
405,243
405,242
405,241
405,240
405,239
405,238
405,237
405,236
405,235
405,234
405,233
405,232
405,231
405,230
405,229
405,228
405,227
405,226
405,225
405,224
405,223
405,222
405,221
405,220
405,219
405,218
405,217
405,216
405,215
405,214
405,213
405,212
405,211
405,210
405,209
405,208
405,207
405,206
405,205
405,204
405,203
405,202
405,201
405,200
405,199
405,198
405,197
405,196
405,195
405,194
405,193
405,192
405,191
405,190
405,189
405,188
405,187
405,186
405,185
405,184
405,183
405,182
405,181
405,180
405,179
405,178
405,177
405,176
405,175
405,174
405,173
405,172
405,171
405,170
405,169
405,168
405,167
405,166
405,165
405,164
405,163
405,162
405,161
405,160
405,159
405,158
405,157
405,156
405,155
405,154
405,153
405,152
405,151
405,150
405,149
405,148
405,147
405,146
405,145
405,144
405,143
405,142
405,141
405,140
405,139
405,138
405,137
405,136
405,135
405,134
405,133
405,132
405,131
405,130
405,129
405,128
405,127
405,126
405,125
405,124
405,123
405,122
405,121
405,120
405,119
405,118
405,117
405,116
405,115
405,114
405,113
405,112
405,111
405,110
405,109
405,108
405,107
405,106
405,105
405,104
405,103
405,102
405,101
405,100
405,99
405,98
405,97
405,96
405,95
405,94
405,93
405,92
405,91
405,90
405,89
405,88
405,87
405,86
405,85
405,84
405,83
405,82
405,81
405,80
405,79
405,78
405,77
405,76
405,75
405,74
405,73
405,72
405,71
405,70
405,69
405,68
405,67
405,66
405,65
405,64
405,63
405,62
405,61
405,60
405,59
405,58
405,57
405,56
405,55
405,54
405,53
405,52
405,51
405,50
405,49
405,48
405,47
405,46
405,45
405,44
405,43
405,42
405,41
405,40
405,39
405,38
405,37
405,36
405,35
405,34
405,33
405,32
405,31
405,30
405,29
405,28
405,27
405,26
405,25
405,24
405,23
405,22
405,21
405,20
405,19
405,18
405,17
405,16
405,15
405,14
405,13
405,12
405,11
405,10
405,9
405,8
405,7
405,6
405,5
405,4
405,3
405,2
405,1
405,0
