599.967
599.861
598.075
595.963
592.415
587.237
587.084
591.092
599.028
599.034
599.849
599.87
599.827
599.785
599.042
598.978
597.957
597.64
596.763
599.438
599.284
595.077
589.769
597.72
586.162
599.307
588.584
596.153
597.834
591.254
598.109
587.201
599.745
589.129
599.502
588.755
596.646
589.534
598.319
593.625
590.226
597.625
585.811
599.369
587.235
598.45
591.353
593.899
595.019
589.562
596.821
589.307
597.035
590.773
599.858
599.865
599.968
599.889
599.753
599.423
599.432
598.755
599.221
596.416
598.969
599.501
598.332
597.056
229.164
0
0
0
0
0
0
0
0
0
0
0
0
0
0
0
0
0
0
0
0
0
0
0
0
0
0
0
0
0
0
0
0
0
0
0
0
0
0
0
0
0
0
0
0
0
0
0
0
0
0
0
0
0
0
0
0
0
0
0
0
0
0
0
0
0
0
0
0
0
0
0
0
0
0
0
0
0
0
0
0
0
0
0
0
0
0
0
0
0
0
0
0
0
0
0
0
0
0
0
0
0
0
0
0
0
0
0
0
0
0
0
0
0
0
0
0
0
0
0
0
0
0
0
0
0
0
0
0
0
0
