405,699
405,698
405,697
405,696
405,695
405,694
405,693
405,692
405,691
405,690
405,689
405,688
405,687
405,686
404,685
404,684
404,683
404,682
404,681
404,680
404,679
403,678
403,677
403,676
403,675
402,674
402,673
402,672
402,671
401,670
401,669
401,668
401,667
400,666
400,665
400,664
399,663
399,662
399,661
398,660
398,659
398,658
397,657
397,656
397,655
396,654
396,653
395,652
395,651
395,650
394,649
394,648
393,647
393,646
392,645
392,644
391,643
391,642
391,641
390,640
390,639
389,638
389,637
388,636
388,635
387,634
386,633
386,632
385,631
385,630
384,629
384,628
383,627
383,626
382,625
382,624
381,623
380,622
380,621
379,620
379,619
378,618
377,617
377,616
376,615
376,614
375,613
374,612
374,611
373,610
372,609
372,608
371,607
371,606
370,605
369,604
369,603
368,602
367,601
367,600
366,599
365,598
365,597
364,596
363,595
363,594
362,593
361,592
361,591
360,590
359,589
359,588
358,587
357,586
357,585
356,584
355,583
355,582
354,581
353,580
353,579
352,578
351,577
351,576
350,575
349,574
349,573
348,572
347,571
347,570
346,569
345,568
345,567
344,566
343,565
343,564
342,563
341,562
341,561
340,560
339,559
339,558
338,557
338,556
337,555
336,554
336,553
335,552
334,551
334,550
333,549
333,548
332,547
331,546
331,545
330,544
330,543
329,542
329,541
328,540
327,539
327,538
326,537
326,536
325,535
325,534
324,533
324,532
323,531
323,530
322,529
322,528
321,527
321,526
320,525
320,524
319,523
319,522
318,521
318,520
317,519
317,518
317,517
316,516
316,515
315,514
315,513
315,512
314,511
314,510
313,509
313,508
313,507
312,506
312,505
312,504
311,503
311,502
311,501
310,500
310,499
310,498
310,497
309,496
309,495
309,494
309,493
308,492
308,491
308,490
308,489
308,488
307,487
307,486
307,485
307,484
307,483
307,482
306,481
306,480
306,479
306,478
306,477
306,476
306,475
306,474
306,473
306,472
306,471
306,470
306,469
306,468
306,467
306,466
306,465
306,464
306,463
306,462
306,461
306,460
306,459
306,458
306,457
306,456
306,455
306,454
306,453
306,452
307,451
307,450
307,449
307,448
307,447
307,446
308,445
308,444
308,443
308,442
308,441
309,440
309,439
309,438
309,437
310,436
310,435
310,434
311,433
311,432
311,431
311,430
312,429
312,428
312,427
313,426
313,425
314,424
314,423
314,422
315,421
315,420
315,419
316,418
316,417
317,416
317,415
318,414
318,413
318,412
319,411
319,410
320,409
320,408
321,407
321,406
322,405
322,404
323,403
323,402
324,401
324,400
325,399
325,398
326,397
326,396
327,395
328,394
328,393
329,392
329,391
330,390
330,389
331,388
332,387
332,386
333,385
333,384
334,383
335,382
335,381
336,380
336,379
337,378
338,377
338,376
339,375
340,374
340,373
341,372
342,371
342,370
343,369
344,368
344,367
345,366
345,365
346,364
347,363
347,362
348,361
349,360
349,359
350,358
351,357
351,356
352,355
353,354
353,353
354,352
355,351
355,350
356,349
357,348
358,347
358,346
359,345
360,344
360,343
361,342
362,341
362,340
363,339
364,338
364,337
365,336
366,335
366,334
367,333
367,332
368,331
369,330
369,329
370,328
371,327
371,326
372,325
373,324
373,323
374,322
375,321
375,320
376,319
376,318
377,317
378,316
378,315
379,314
379,313
380,312
381,311
381,310
382,309
382,308
383,307
383,306
384,305
385,304
385,303
386,302
386,301
387,300
387,299
388,298
388,297
389,296
389,295
390,294
390,293
391,292
391,291
392,290
392,289
393,288
393,287
393,286
394,285
394,284
395,283
395,282
396,281
396,280
396,279
397,278
397,277
397,276
398,275
398,274
399,273
399,272
399,271
400,270
400,269
400,268
400,267
401,266
401,265
401,264
402,263
402,262
402,261
402,260
403,259
403,258
403,257
403,256
403,255
404,254
404,253
404,252
404,251
404,250
404,249
405,248
405,247
405,246
405,245
405,244
405,243
405,242
405,241
405,240
405,239
405,238
405,237
405,236
405,235
405,234
405,233
405,232
405,231
405,230
405,229
405,228
405,227
405,226
405,225
405,224
405,223
405,222
405,221
405,220
405,219
404,218
404,217
404,216
404,215
404,214
404,213
403,212
403,211
403,210
403,209
403,208
402,207
402,206
402,205
402,204
401,203
401,202
401,201
401,200
400,199
400,198
400,197
399,196
399,195
399,194
398,193
398,192
398,191
397,190
397,189
396,188
396,187
396,186
395,185
395,184
394,183
394,182
394,181
393,180
393,179
392,178
392,177
391,176
391,175
390,174
390,173
389,172
389,171
388,170
388,169
387,168
387,167
386,166
386,165
385,164
385,163
384,162
384,161
383,160
382,159
382,158
381,157
381,156
380,155
380,154
379,153
378,152
378,151
377,150
377,149
376,148
375,147
375,146
374,145
373,144
373,143
372,142
372,141
371,140
370,139
370,138
369,137
368,136
368,135
367,134
366,133
366,132
365,131
364,130
364,129
363,128
362,127
362,126
361,125
360,124
360,123
359,122
358,121
358,120
357,119
356,118
356,117
355,116
354,115
354,114
353,113
352,112
352,111
351,110
350,109
350,108
349,107
348,106
348,105
347,104
346,103
346,102
345,101
344,100
344,99
343,98
342,97
342,96
341,95
340,94
340,93
339,92
339,91
338,90
337,89
337,88
336,87
335,86
335,85
334,84
334,83
333,82
332,81
332,80
331,79
331,78
330,77
329,76
329,75
328,74
328,73
327,72
327,71
326,70
326,69
325,68
325,67
324,66
323,65
323,64
322,63
322,62
321,61
321,60
320,59
320,58
320,57
319,56
319,55
318,54
318,53
317,52
317,51
316,50
316,49
316,48
315,47
315,46
314,45
314,44
314,43
313,42
313,41
313,40
312,39
312,38
312,37
311,36
311,35
311,34
310,33
310,32
310,31
310,30
309,29
309,28
309,27
309,26
308,25
308,24
308,23
308,22
307,21
307,20
307,19
307,18
307,17
307,16
307,15
306,14
306,13
306,12
306,11
306,10
306,9
306,8
306,7
306,6
306,5
306,4
306,3
306,2
306,1
305,0
