277,690
277,689
277,687
277,686
276,684
276,683
275,681
273,677
272,676
272,674
269,671
268,668
266,664
264,663
264,661
264,660
262,659
262,656
261,655
261,654
261,653
261,651
261,650
260,647
260,645
260,643
260,640
260,639
260,636
260,635
260,633
260,631
260,629
259,628
259,626
259,625
259,623
259,622
259,620
259,619
259,617
259,616
259,615
259,613
259,611
259,610
259,609
259,607
259,604
259,602
259,600
260,599
260,597
261,595
261,593
263,589
263,587
263,586
263,585
263,582
263,580
264,578
264,575
265,574
265,573
265,571
265,570
266,569
266,568
266,566
266,565
266,564
266,562
266,561
266,559
266,558
266,555
267,552
267,551
269,549
269,548
269,545
269,543
269,541
269,540
269,538
269,536
269,533
270,531
270,529
270,527
271,526
271,523
272,519
272,518
273,516
275,513
275,511
277,506
278,504
279,500
281,498
281,497
282,496
282,493
282,491
282,488
282,485
284,485
285,483
286,482
288,480
288,479
289,478
289,476
289,474
290,471
290,469
290,468
290,465
291,465
291,463
291,462
291,460
291,458
292,455
292,454
292,453
292,452
292,450
292,448
291,444
291,443
291,441
291,439
291,437
290,434
290,432
290,430
290,427
289,424
289,423
289,420
289,417
289,416
289,414
288,412
288,410
288,409
288,407
288,405
288,403
288,400
289,398
291,395
291,393
291,391
291,388
292,387
293,385
294,381
294,380
294,377
295,376
296,374
296,372
298,369
299,369
299,367
299,366
300,365
301,364
302,362
303,360
305,358
306,356
307,355
309,350
310,348
313,344
314,342
315,342
316,341
319,338
322,336
325,334
326,333
328,332
330,330
331,330
333,328
334,327
336,327
338,324
339,324
339,323
340,320
342,318
344,317
346,317
349,314
350,314
351,313
354,311
356,310
357,309
359,307
361,306
363,306
364,304
365,304
367,302
371,301
373,299
374,299
375,298
377,297
378,296
379,296
380,295
381,294
383,294
384,292
385,292
386,291
388,291
389,290
391,289
393,288
394,288
395,288
396,288
397,288
398,288
399,287
400,286
402,286
404,285
406,284
408,284
409,283
410,282
411,282
412,282
413,281
414,280
415,280
416,279
417,279
419,279
422,279
424,278
426,278
428,276
429,276
433,276
443,275
455,274
465,271
472,270
478,269
482,269
485,269
488,269
489,269
490,269
491,269
492,267
493,267
493,266
495,266
497,266
499,264
500,263
502,263
503,263
503,262
504,262
504,261
504,260
505,258
505,257
506,257
506,255
506,254
506,252
506,250
507,249
507,248
507,247
507,245
507,244
507,242
507,241
507,239
507,238
507,236
507,235
507,233
508,231
508,230
509,229
510,226
510,225
510,224
510,223
510,220
510,219
510,217
510,216
510,214
510,213
510,211
510,210
509,209
509,208
509,207
508,206
507,205
507,204
507,203
506,203
504,201
503,200
501,197
500,196
498,194
497,194
495,192
492,190
491,189
490,188
489,186
488,184
485,181
483,180
482,178
481,178
481,176
479,176
478,174
477,174
477,173
476,173
476,172
475,171
474,171
474,170
473,169
471,168
469,167
468,167
466,166
465,166
463,166
461,166
458,164
457,164
455,164
454,163
452,163
450,163
447,163
445,163
442,162
440,161
438,160
435,160
433,160
431,160
430,160
428,159
427,159
424,159
423,158
421,157
420,157
418,156
417,156
415,156
414,156
413,156
412,155
410,155
408,155
407,153
405,153
404,153
403,153
402,153
401,152
400,152
399,152
398,152
397,152
396,152
395,152
393,150
391,150
389,150
388,149
387,149
385,149
384,149
382,149
379,149
378,149
376,148
374,148
372,148
368,148
366,148
365,148
364,148
362,148
361,148
359,148
358,148
356,148
354,148
352,148
351,148
350,148
349,148
348,148
347,149
347,150
346,150
345,150
344,150
343,151
342,152
340,153
338,153
337,153
336,155
335,156
333,156
331,157
331,158
329,160
328,160
326,161
325,162
322,163
319,164
318,164
316,164
314,166
312,167
310,167
308,168
306,169
304,170
302,172
301,172
299,173
298,173
296,174
294,174
293,174
291,174
289,174
287,175
286,176
284,177
283,177
281,177
280,177
279,178
278,178
277,178
275,178
274,178
273,178
272,178
271,178
270,178
268,179
267,179
266,181
265,181
264,181
261,181
260,181
256,182
254,184
250,184
248,184
246,185
245,186
243,186
241,187
241,188
239,189
236,189
234,190
233,191
232,191
229,191
229,192
228,193
224,194
224,195
223,195
222,195
221,196
218,196
216,197
215,198
213,200
211,201
210,202
208,203
207,205
204,206
203,208
201,210
200,210
197,212
195,215
193,217
191,218
189,220
188,221
185,222
184,223
184,224
180,226
178,228
174,230
174,231
172,232
170,233
169,234
166,236
164,238
163,238
161,240
160,241
158,242
157,243
154,245
153,246
152,247
151,248
150,248
149,249
147,250
147,251
146,252
144,254
142,256
141,256
140,258
138,259
136,261
135,261
133,263
131,265
130,266
129,267
127,268
127,269
126,271
125,272
124,272
122,274
122,275
120,276
118,277
116,278
115,278
113,280
111,281
111,282
110,283
108,284
107,285
106,286
105,288
104,288
102,290
101,290
100,291
99,291
97,292
96,294
95,294
95,295
94,295
94,296
93,296
92,297
91,298
90,300
89,300
88,301
87,302
85,304
82,304
81,305
79,307
78,309
77,310
75,312
74,313
73,314
71,315
70,316
69,317
68,320
67,320
66,321
64,321
64,322
62,323
62,324
61,324
61,325
59,328
57,330
57,331
55,333
54,334
54,336
52,338
51,339
51,340
50,341
50,342
49,343
49,344
48,344
48,345
47,345
46,347
46,348
45,349
44,351
43,352
42,354
41,355
40,357
39,359
38,361
37,362
36,364
35,365
35,366
33,367
32,368
31,369
31,371
29,372
28,375
26,377
25,378
25,378
